5 0.891333 0.554562 0.016 0.0715564 0.250244
2 0.479667 0.0165474 0.0126667 0.0187835 0.255371
2 0.800667 0.239267 0.016 0.0205725 0.268555
2 0.122667 0.316637 0.024 0.0322004 0.291016
2 0.494 0.00581395 0.00933333 0.0116279 0.305664
2 0.102 0.290698 0.0146667 0.0232558 0.321533
4 0.570667 0.52415 0.0106667 0.0411449 0.328125
2 0.839 0.560823 0.038 0.0751342 0.343018
2 0.0923333 0.276834 0.0193333 0.0241503 0.388184
5 0.604667 0.323345 0.0173333 0.0581395 0.428955
4 0.031 0.354651 0.0126667 0.0527728 0.465088
4 0.305333 0.539356 0.0213333 0.0894454 0.505371
2 0.982667 0.550089 0.02 0.0304114 0.520996
2 0.484 0.0223614 0.012 0.0250447 0.53418
2 0.451333 0.0782648 0.0333333 0.0509839 0.558105
4 0.00666667 0.35644 0.012 0.0581395 0.620605
4 0.492333 0.525492 0.022 0.0796064 0.643555
4 0.734667 0.314401 0.0186667 0.0760286 0.647461
4 0.890667 0.556351 0.0173333 0.0751342 0.706055
4 0.965667 0.557692 0.014 0.0706619 0.721191
2 0.471 0.0299642 0.022 0.0313059 0.729004
4 0.320667 0.543381 0.0186667 0.0778175 0.769043
4 0.947667 0.563059 0.03 0.0778175 0.772949
4 0.547667 0.535331 0.0153333 0.0617174 0.80127
4 0.503333 0.546512 0.0226667 0.0805009 0.809082
4 0.434667 0.544275 0.016 0.068873 0.819824
4 0.923333 0.562612 0.0266667 0.0715564 0.821777
2 0.448667 0.105098 0.0306667 0.0420394 0.849121
4 0.729333 0.525045 0.024 0.0733453 0.859863
2 0.458667 0.0451699 0.0293333 0.0366726 0.862793
4 0.462667 0.536225 0.0266667 0.0706619 0.869141
4 0.807 0.551431 0.03 0.0796064 0.876465
2 0.832667 0.249553 0.0653333 0.0536673 0.877441
4 0.84 0.560823 0.0373333 0.0751342 0.882324
4 0.712667 0.320662 0.02 0.0670841 0.885254
2 0.569667 0.470483 0.118 0.0751342 0.91748
2 0.0433333 0.409213 0.0866667 0.0581395 0.920898
2 0.794667 0.283095 0.0453333 0.0581395 0.924805
2 0.418667 0.207066 0.0453333 0.0527728 0.928711
2 0.427333 0.648927 0.0653333 0.0939177 0.931641
2 0.155667 0.372987 0.094 0.0572451 0.937988
2 0.565 0.294723 0.054 0.0617174 0.939453
2 0.202 0.641324 0.0706667 0.0894454 0.94043
2 0.422333 0.784884 0.0766667 0.108229 0.942383
2 0.708667 0.288462 0.0466667 0.0670841 0.947754
2 0.312667 0.657424 0.068 0.0894454 0.94873
2 0.765667 0.468694 0.107333 0.0751342 0.953613
2 0.161 0.778623 0.0873333 0.102862 0.953613
2 0.656333 0.266547 0.0753333 0.0608229 0.957031
2 0.291667 0.763417 0.078 0.102862 0.959961
2 0.392 0.437835 0.118667 0.0670841 0.959961
2 0.209667 0.416816 0.132667 0.0644007 0.962402
